429 177 12 27
862 948 20 11
783 463 22 20
603 555 29 23
553 529 25 11
219 969 14 20
873 917 29 16
752 63 27 29
112 119 18 28
257 504 10 15
807 884 26 13
222 600 14 12
80 113 21 10
88 626 10 26
500 196 17 29
242 436 16 22
334 714 22 22
371 130 23 10
46 847 29 25
215 950 29 20
216 427 12 13
184 230 13 25
828 217 11 23
390 276 27 15
15 381 10 12
303 953 23 20
928 149 14 25
210 792 11 11
885 694 16 28
283 819 13 15
214 249 18 28
983 900 12 27
144 886 15 23
891 876 18 19
739 113 26 18
353 814 15 29
286 548 15 24
921 827 15 29
452 895 18 19
352 692 19 27
692 931 12 15
230 559 24 25
386 488 21 20
578 725 22 19
952 16 28 18
152 862 19 16
825 680 3 9
21 381 13 17
499 635 21 28
211 781 12 27
480 311 21 11
300 693 28 14
332 358 11 16
839 548 24 13
269 469 25 25
397 728 18 17
921 636 14 17
774 427 17 16
484 129 24 18
566 45 28 24
589 573 27 23
709 766 23 24
126 62 4 12
117 430 11 12
733 745 20 17
118 279 26 10
693 86 12 19
159 29 24 24
910 467 19 15
858 513 10 29
433 532 23 17
618 146 28 27
240 594 13 15
299 528 11 22
416 233 13 28
287 442 17 28
32 671 24 14
342 948 29 22
934 110 20 10
750 36 15 10
552 927 11 17
356 776 10 16
463 42 10 14
780 102 16 18
650 384 18 10
3 8 29 12
367 429 27 11
470 525 10 16
115 777 12 28
460 534 15 15
199 673 27 21
954 717 13 19
5 682 16 19
582 4 17 13
405 823 14 18
506 499 11 21
155 815 28 20
337 392 10 21
877 585 27 27
878 891 11 14
583 405 20 24
127 117 11 16
246 38 18 23
175 427 10 26
668 229 26 12
11 434 29 22
553 460 14 23
228 235 22 22
165 299 16 11
265 424 22 10
461 884 11 15
10 38 17 28
633 562 24 29
794 401 11 17
435 872 17 18
807 239 11 12
922 65 23 13
886 607 29 17
1 625 15 12
498 569 24 21
204 831 23 18
564 551 25 12
131 541 19 20
772 356 20 12
353 902 19 10
198 663 17 21
449 207 16 12
12 182 16 15
908 20 29 27
32 572 14 20
383 977 13 20
81 502 28 19
565 767 27 22
214 942 4 8
464 190 20 21
741 68 19 19
413 67 21 23
507 820 21 12
360 938 16 11
484 831 15 21
733 931 29 11
219 692 27 25
636 584 11 26
48 659 21 18
975 850 14 29
359 831 19 23
800 901 26 16
388 195 25 25
155 320 20 20
827 207 13 25
11 489 15 17
26 587 11 20
448 477 24 26
750 250 19 23
912 628 23 11
589 328 18 18
292 335 13 16
751 357 12 28
233 775 16 16
855 923 22 16
439 517 27 21
465 829 25 21
435 635 11 20
354 394 10 11
507 928 13 14
541 899 27 22
702 939 28 28
849 818 14 26
776 252 3 7
229 32 14 28
397 411 17 18
35 292 26 14
333 174 13 15
768 134 29 19
46 690 29 18
554 773 28 24
727 704 12 16
295 274 16 13
160 707 25 22
265 208 18 28
815 26 24 13
541 154 29 29
130 898 27 19
35 926 24 21
65 84 25 26
890 919 20 17
762 444 29 13
154 440 17 18
527 514 16 22
93 857 21 14
352 947 15 21
642 434 17 22
303 547 10 24
611 911 10 17
8 715 26 28
909 178 29 11
225 621 23 14
835 411 26 18
315 466 29 11
234 440 12 25
39 773 23 15
147 155 10 14
186 790 29 20
651 389 12 24
612 930 17 11
73 238 12 21
458 808 14 17
742 784 8 6
754 878 20 16
176 698 20 15
831 442 19 16
411 262 24 15
422 948 11 18
67 108 29 27
713 538 10 23
528 153 26 25
878 238 29 24
494 54 15 17
878 892 11 14
478 269 23 13
595 908 20 23
73 120 15 27
766 792 15 20
562 263 21 25
164 790 23 11
49 290 23 13
413 625 28 24
168 197 24 22
458 886 13 14
285 457 29 14
972 133 14 28
757 267 16 14
680 958 25 10
889 35 24 11
835 535 19 28
590 81 5 6
863 589 19 23
761 726 23 16
837 819 21 23
12 632 18 22
805 922 29 15
836 520 19 28
89 622 15 24
397 818 10 13
163 337 18 25
47 967 23 29
595 195 11 12
620 601 11 28
425 264 6 4
765 741 26 28
475 571 28 26
79 536 12 24
30 420 24 15
450 214 25 26
932 685 26 26
277 390 27 18
238 264 24 14
766 254 21 16
852 820 3 19
521 21 23 11
743 821 27 11
415 84 18 28
506 286 19 22
128 913 14 20
521 152 12 26
790 445 15 16
113 297 25 22
418 62 28 11
609 594 28 19
500 538 21 19
153 290 19 24
369 114 18 22
26 710 15 25
907 958 17 21
119 52 18 29
154 484 12 18
8 364 21 24
665 320 4 7
212 136 17 13
141 418 22 14
17 479 19 21
911 819 17 19
505 705 21 11
357 964 16 26
540 502 21 13
103 868 15 24
945 365 19 25
970 806 20 14
871 887 13 28
461 909 26 21
360 252 27 23
670 351 29 18
551 707 12 28
578 839 22 26
876 955 29 29
571 140 15 21
634 801 23 17
489 415 23 20
396 962 21 15
722 128 29 25
169 707 20 13
584 176 19 13
738 602 19 13
48 756 15 20
334 360 16 18
421 613 18 27
775 414 21 21
680 166 18 23
984 884 7 5
241 967 11 18
308 398 28 17
236 984 11 10
108 24 26 14
894 1 12 16
544 773 18 18
103 754 15 22
563 139 14 13
394 878 15 12
744 370 15 28
463 874 10 20
359 308 15 17
877 771 19 20
902 875 13 21
272 267 19 12
543 527 17 21
5 650 25 18
584 592 20 15
730 355 21 21
720 889 20 11
412 334 28 23
311 217 20 24
281 932 12 19
58 53 16 20
545 557 27 23
868 585 20 10
748 782 16 24
411 841 23 21
240 12 20 27
793 7 14 22
215 115 14 17
318 178 15 12
695 31 16 26
735 770 19 28
777 786 22 16
531 501 20 17
569 1 20 27
424 146 20 18
530 652 28 17
470 857 29 16
590 43 20 26
909 890 15 18
406 23 29 20
254 506 27 18
231 172 19 24
651 567 3 10
258 313 19 15
920 169 12 23
707 474 24 11
810 854 20 15
428 661 29 11
115 433 13 24
977 181 15 25
747 125 26 23
635 286 22 29
788 246 10 17
275 258 13 12
635 362 16 21
447 903 26 20
939 559 27 20
929 550 23 28
764 722 28 14
884 764 24 21
290 153 28 20
868 560 28 11
759 712 18 12
654 468 26 26
390 425 17 28
678 224 11 10
937 226 13 22
533 313 14 21
239 695 26 26
632 160 21 13
727 271 15 19
8 532 18 20
232 978 29 15
431 371 21 11
875 299 22 19
479 678 17 26
108 951 19 23
735 112 20 18
318 893 17 20
194 215 17 19
214 528 28 15
46 142 26 12
528 379 26 25
479 646 13 14
865 562 17 13
441 142 29 15
174 199 24 17
561 47 21 24
629 284 17 22
19 654 20 16
101 568 11 23
641 262 13 26
709 960 22 17
939 522 13 5
317 400 8 10
829 239 23 21
288 438 28 20
452 405 16 20
718 197 24 13
607 956 11 18
777 65 28 19
548 933 17 28
255 696 29 23
245 954 24 23
942 688 27 14
671 254 19 29
152 554 22 25
312 457 14 14
202 959 27 22
622 27 26 19
957 700 13 18
555 477 26 13
652 652 15 10
89 165 26 26
23 906 17 25
648 157 13 19
789 16 22 14
56 288 27 15
855 805 24 22
139 316 25 18
715 539 21 14
203 689 21 22
244 334 16 16
436 626 21 28
809 228 17 14
900 244 28 15
945 13 12 22
817 479 13 5
869 440 8 4
528 730 19 20
9 707 24 17
44 70 27 29
577 461 10 12
31 742 11 16
717 227 21 18
129 130 10 18
87 929 17 11
807 849 20 26
583 586 11 23
483 150 22 21
223 731 13 14
402 834 13 25
131 782 18 27
21 693 10 10
672 226 20 17
490 953 21 17
374 924 17 4
660 488 20 11
155 16 22 13
135 829 22 16
593 620 20 13
142 9 29 14
493 708 16 14
541 636 25 19
342 179 25 18
499 563 15 22
643 368 20 17
7 679 28 14
77 865 17 28
875 800 26 28
422 862 26 18
972 880 25 14
892 963 24 13
448 536 14 10
210 940 13 13
361 197 27 16
787 417 17 28
976 467 17 15
592 316 18 21
589 931 24 12
361 207 20 20
831 802 19 29
466 399 10 28
381 971 15 11
552 629 12 10
172 713 10 28
849 106 16 20
35 660 26 27
37 762 18 25
174 926 29 28
113 323 26 14
586 78 19 16
539 313 13 12
685 97 22 13
10 515 29 20
90 852 16 18
496 868 12 26
141 8 25 13
705 219 13 14
168 181 25 17
162 16 15 14
291 943 28 23
203 394 28 16
243 967 12 22
130 595 15 20
489 803 27 27
694 701 14 16
461 147 29 13
914 952 26 28
701 192 13 26
289 130 12 29
590 380 19 26
488 939 24 11
8 469 20 23
776 424 20 10
850 807 25 19
814 557 24 13
754 695 19 16
973 173 14 11
548 559 14 16
232 255 19 10
276 904 16 27
487 197 17 22
80 524 18 24
169 14 27 18
938 190 12 23
776 963 18 21
698 938 12 28
528 27 28 16
42 186 27 16
532 312 17 16
113 842 14 24
245 149 15 29
741 690 21 27
220 102 11 16
753 770 22 12
117 918 22 20
722 533 17 12
578 255 22 15
505 117 16 25
152 138 21 29
595 704 22 24
720 98 27 10
754 571 21 26
10 353 24 16
163 11 12 26
683 859 18 27
771 579 26 27
22 772 21 14
265 388 19 22
589 431 18 11
348 382 11 28
33 387 20 27
74 417 23 17
297 954 17 19
426 666 12 23
364 247 16 15
854 944 14 15
369 916 27 16
738 65 26 16
804 204 19 18
722 483 27 19
492 109 18 12
564 722 25 13
31 366 14 19
635 271 23 22
823 678 24 12
320 103 11 22
450 879 18 21
119 705 20 14
634 149 17 22
770 664 15 13
256 303 16 22
554 180 29 13
661 273 16 27
361 688 10 18
578 573 10 28
536 710 19 15
479 175 10 24
313 963 29 21
870 878 13 27
148 99 12 12
2 30 13 17
490 680 29 23
563 458 14 23
517 933 19 22
466 885 10 16
955 575 18 17
400 301 5 15
768 208 18 25
687 913 13 27
282 893 27 28
410 339 12 17
552 764 29 24
25 165 25 29
126 796 11 24
689 704 17 14
509 956 10 22
484 604 11 27
551 538 21 29
433 845 29 27
702 699 29 17
5 528 12 20
849 804 13 16
769 707 17 21
514 557 17 16
275 733 17 11
608 973 17 14
967 855 14 25
48 653 13 19
508 119 14 23
957 866 14 17
345 785 28 29
175 141 20 20
111 426 28 27
854 362 19 17
935 172 10 13
282 498 12 29
248 546 19 23
75 824 23 11
695 800 13 20
62 147 14 17
150 962 28 27
574 576 16 21
271 510 19 16
194 615 25 18
977 150 14 18
300 269 17 28
290 528 11 21
546 387 18 26
171 30 24 10
476 628 12 21
676 907 19 13
230 605 27 10
514 736 17 29
5 490 14 27
364 680 10 17
398 251 20 16
150 101 6 5
109 420 19 26
118 715 27 10
979 723 10 18
530 729 16 20
724 284 14 21
164 89 26 15
218 833 4 13
697 207 13 13
482 5 19 13
383 142 15 29
734 287 14 24
727 956 28 22
588 424 17 20
602 582 22 23
936 520 21 13
110 304 20 19
368 689 25 11
139 966 25 28
369 289 11 20
821 483 24 21
690 171 10 28
409 696 20 16
836 557 17 24
466 407 28 27
244 573 29 21
439 475 14 26
570 337 14 17
276 244 12 15
157 271 20 19
984 460 13 29
38 109 14 11
318 369 26 27
706 262 23 22
292 547 11 22
774 750 28 11
869 507 13 24
214 746 13 14
711 753 22 12
482 861 18 10
926 53 12 25
282 901 29 24
578 825 29 23
262 555 17 25
476 930 23 10
928 239 13 11
691 43 28 17
711 194 15 23
83 157 12 16
59 853 14 24
9 384 10 13
655 814 12 24
928 33 20 25
271 716 15 25
190 710 19 19
436 851 12 24
445 294 14 26
544 889 11 21
361 304 24 13
787 333 18 28
442 851 16 14
542 962 20 12
876 920 20 10
920 65 15 26
393 176 28 23
528 428 6 3
700 72 11 13
133 350 23 26
485 630 27 11
174 150 10 11
675 192 29 11
182 190 10 12
105 21 26 25
957 479 28 18
577 942 13 17
313 824 19 27
845 175 23 16
198 397 19 15
544 203 24 25
236 626 11 24
210 373 25 26
441 483 25 14
154 850 20 12
50 165 17 28
284 267 10 21
803 395 10 24
742 793 14 27
951 576 11 23
269 434 24 11
160 658 15 18
239 866 26 27
325 187 25 16
649 547 12 20
646 438 11 21
199 127 24 17
178 322 13 29
777 18 16 23
72 121 14 21
204 718 29 13
750 887 12 25
884 804 10 18
642 618 10 20
734 667 14 14
262 670 26 23
218 599 21 21
726 266 13 25
742 956 25 20
147 110 15 14
62 381 12 23
247 628 10 29
948 190 11 26
284 545 10 15
851 927 13 13
331 568 21 13
180 200 12 13
979 926 20 23
957 940 21 26
297 833 22 25
601 53 22 15
223 264 22 19
384 881 21 11
245 966 14 22
397 740 15 16
579 320 17 29
132 947 19 19
482 927 17 21
773 249 11 15
366 407 24 25
802 56 13 27
581 370 23 11
431 429 15 28
130 0 22 13
815 116 19 10
922 617 16 10
193 979 29 13
817 819 18 13
753 270 28 12
759 709 14 18
582 750 13 14
387 490 21 13
114 766 17 11
777 260 21 10
529 151 15 19
686 547 27 22
259 271 27 11
192 271 5 9
238 507 20 13
129 577 25 22
835 411 28 13
547 549 25 18
933 40 16 15
815 553 11 18
503 10 18 24
951 25 18 23
71 387 25 27
405 252 12 21
918 790 27 24
832 851 26 27
909 769 18 15
864 515 17 15
342 823 17 19
591 976 18 22
310 573 28 18
101 569 13 11
369 376 24 11
723 731 20 15
394 268 12 21
154 899 29 13
188 599 27 18
433 171 25 13
925 905 20 24
633 430 17 18
187 268 16 19
467 886 13 16
897 746 26 13
308 689 23 21
966 385 15 28
368 293 13 14
821 804 17 29
890 715 13 20
755 145 23 12
860 545 10 26
797 518 26 25
625 3 27 27
359 201 17 17
720 614 23 28
104 795 18 24
885 965 10 17
530 731 25 20
919 264 11 22
150 950 14 24
785 213 14 12
413 627 15 23
723 689 10 10
828 202 19 23
241 262 13 11
788 26 18 22
203 172 20 19
181 207 14 15
915 680 14 10
742 399 22 28
760 95 21 28
152 75 18 23
47 286 13 27
923 20 17 20
305 940 13 19
691 504 15 11
73 228 26 13
329 512 18 15
154 85 10 29
200 157 12 27
209 692 11 10
242 331 14 26
895 118 19 16
580 973 19 23
663 317 11 18
922 548 26 16
930 784 14 11
802 455 29 27
888 979 15 10
688 91 14 10
752 823 27 13
61 831 27 11
345 944 11 10
8 713 13 27
298 199 20 19
423 260 14 15
41 376 13 17
204 673 8 8
105 288 15 17
108 482 17 28
603 578 10 20
738 674 12 25
456 563 24 13
340 694 14 11
163 560 15 22
15 705 23 11
849 445 28 23
53 664 21 29
256 253 16 21
609 80 18 28
585 93 25 11
681 98 20 19
318 184 25 14
33 517 16 26
490 281 21 12
613 179 28 16
25 968 11 20
276 432 17 10
482 907 28 19
332 737 29 14
58 964 12 21
728 684 19 11
776 660 10 21
441 629 26 15
467 291 26 25
83 183 14 17
391 832 19 26
364 728 28 28
23 498 26 25
780 896 21 13
330 176 23 18
337 690 25 16
334 801 21 24
176 795 16 28
374 929 23 23
394 166 25 21
633 146 11 13
579 129 12 12
225 283 18 27
277 500 17 21
396 299 13 21
669 212 17 22
372 731 28 15
905 10 25 24
697 65 15 20
190 587 26 12
930 54 15 19
360 359 21 18
15 507 16 22
722 512 12 29
400 868 13 21
707 759 15 22
57 70 26 18
321 882 26 11
408 743 25 21
435 371 15 15
181 434 11 21
571 36 25 15
777 545 22 25
823 678 11 16
7 663 28 16
862 259 29 23
915 964 25 26
843 659 16 21
887 236 23 26
116 855 25 21
210 609 11 28
434 51 17 25
912 761 23 11
948 470 26 21
158 887 13 27
513 33 26 23
832 889 16 10
414 691 24 12
218 773 18 16
869 570 17 18
598 585 27 10
973 525 10 28
117 475 22 29
726 426 24 13
854 275 15 11
312 723 24 23
814 477 20 11
677 842 24 18
880 495 25 25
183 33 20 15
817 108 13 10
922 5 28 13
322 464 18 15
903 555 29 26
826 210 14 21
678 183 15 23
339 885 22 12
328 969 29 13
367 721 10 28
15 405 13 22
961 565 13 17
249 131 22 21
282 272 27 22
965 377 23 11
373 886 23 24
818 873 17 15
976 358 11 16
640 561 23 20
210 661 14 22
722 249 22 26
841 461 15 26
113 546 14 23
474 654 10 19
740 123 14 12
303 662 27 13
514 300 29 29
692 784 28 10
34 117 21 22
867 432 15 21
896 967 21 16
554 390 20 12
698 215 28 11
90 625 14 28
781 252 14 11
106 25 23 20
634 455 12 22
212 316 22 28
576 53 15 18
721 304 10 14
465 686 28 20
611 178 28 25
524 426 18 10
681 91 19 18
552 392 10 16
467 435 14 17
839 640 14 24
556 594 28 19
551 952 20 26
919 261 10 21
153 420 13 10
391 750 18 19
690 565 22 17
545 954 20 12
498 855 16 28
770 142 12 22
646 596 28 28
284 3 6 10
30 743 19 19
280 1 20 23
476 683 14 19
384 947 29 11
65 109 16 12
466 877 16 28
141 717 21 22
975 359 23 10
328 894 27 10
946 543 12 14
420 17 27 25
198 424 19 18
674 201 23 19
884 932 10 24
497 491 10 25
435 853 25 13
890 125 20 12
451 811 16 21
846 219 27 25
941 30 14 21
891 504 13 29
797 525 11 25
237 8 20 19
630 607 25 19
196 671 20 14
970 830 26 12
158 656 23 26
555 266 15 24
19 782 21 29
787 730 13 10
482 106 29 24
216 729 24 19
738 797 23 11
588 198 21 26
164 185 17 26
128 708 20 17
132 145 19 28
789 474 12 11
715 671 10 12
778 970 3 9
472 530 5 5
11 462 24 25
974 353 17 13
623 841 22 25
228 632 21 16
154 578 15 14
217 568 16 16
223 522 14 14
705 903 22 20
509 542 19 13
24 966 24 21
58 676 16 27
668 880 12 24
789 481 24 24
71 937 17 16
350 185 13 29
839 179 12 11
335 361 4 9
781 511 27 12
623 839 27 24
587 361 11 18
167 710 5 14
92 620 20 27
223 327 14 26
452 271 27 17
16 734 14 23
586 165 28 19
190 260 27 24
321 709 28 16
966 727 14 28
410 739 29 12
552 552 17 10
128 327 3 4
253 628 15 29
406 833 19 19
230 19 14 19
740 94 27 29
854 346 10 27
431 280 28 22
276 242 10 29
177 232 14 19
789 243 15 12
636 554 26 11
308 642 12 23
146 497 23 16
38 725 5 4
533 715 14 27
290 660 27 16
516 636 18 10
249 653 12 17
661 203 23 18
582 610 16 18
4 687 22 11
419 855 28 23
970 537 21 13
262 498 12 29
271 815 19 21
928 86 13 28
193 956 21 11
754 772 11 25
161 257 28 17
719 258 19 11
932 623 27 26
682 942 28 26
179 788 26 10
206 669 15 19
665 353 12 11
419 961 18 18
975 350 19 24
876 232 10 19
560 728 12 26
460 434 14 22
221 752 16 28
918 753 27 22
822 661 20 11
764 259 16 18
931 97 14 17
298 120 23 14
285 469 14 20
503 554 28 15
330 802 17 14
731 77 20 10
366 128 16 10
343 524 16 26
820 212 11 19
283 917 16 27
610 971 17 11
568 467 14 16
195 964 10 13
966 531 12 25
453 623 13 23
488 941 17 15
376 949 22 29
333 870 22 18
400 808 11 17
130 435 28 16
348 971 12 20
234 268 26 29
684 213 13 24
215 670 21 25
285 335 24 17
940 918 21 19
923 687 11 10
970 857 13 21
478 929 18 27
493 634 20 29
97 503 16 11
18 475 27 16
324 871 12 28
721 127 18 15
600 164 21 26
954 579 21 10
170 694 12 29
298 475 29 25
555 264 25 15
8 14 26 14
155 870 10 14
582 759 18 10
377 869 13 25
821 202 10 14
617 550 16 14
808 13 17 17
530 717 27 25
88 407 24 15
914 465 16 16
445 880 26 29
271 654 19 17
154 581 10 11
545 282 24 16
606 940 11 17
22 583 11 20
156 916 19 25
343 382 11 18
566 484 18 12
160 747 16 17
308 263 28 21
310 854 23 10
681 497 13 16
716 480 20 16
932 367 23 21
171 739 11 14
817 459 11 10
110 289 10 20
751 701 19 29
112 552 10 20
377 819 12 21
461 34 29 23
80 412 14 19
572 123 18 26
756 243 21 21
262 659 15 12
472 0 18 17
726 373 22 12
581 264 10 24
253 652 14 19
958 812 17 11
899 388 18 23
622 141 14 14
195 632 27 25
543 956 27 23
579 607 28 17
850 237 29 18
552 665 14 26
234 40 15 22
716 678 24 25
928 112 23 11
21 406 27 14
986 814 11 25
8 667 28 17
382 948 27 19
692 99 27 22
344 871 29 25
215 253 22 22
33 780 11 20
248 884 11 25
504 106 26 26
240 264 23 27
656 570 11 10
195 410 10 13
802 933 10 15
835 224 23 17
887 490 28 23
960 947 8 7
649 648 22 18
173 584 23 13
326 851 25 10
878 304 9 10
87 945 22 14
718 871 14 24
137 846 23 15
588 177 16 23
825 795 20 27
249 209 25 10
179 646 22 13
956 535 18 24
78 148 14 28
519 202 28 16
540 192 28 17
240 131 22 25
786 204 19 16
748 705 12 22
435 626 19 29
386 848 23 29
243 596 10 27
721 489 13 17
761 784 10 29
736 10 20 27
128 37 11 25
92 102 26 19
905 386 12 26
357 120 18 19
14 589 22 19
704 920 18 10
49 642 10 26
306 634 28 28
226 513 22 16
451 467 12 21
588 922 24 29
130 445 13 29
917 539 14 23
839 125 13 11
434 866 23 21
215 290 29 21
127 371 16 27
718 933 20 18
701 208 26 13
432 443 26 28
71 129 10 15
665 661 12 14
548 489 19 23
36 718 10 18
410 888 10 22
146 440 11 19
122 529 14 23
753 130 22 10
685 201 11 28
103 403 20 24
661 670 25 10
675 789 21 21
44 44 17 10
497 58 13 10
892 892 21 10
788 461 17 25
134 271 22 19
228 583 19 29
526 954 29 27
176 276 23 28}
